0 0.7697916666666667 0.030208333333333334 0.12395833333333334 0.15625
0 0.5354166666666667 0.04652777777777778 0.10416666666666667 0.08750000000000001
0 0.5315104166666667 0.19131944444444446 0.19427083333333334 0.16458333333333333
0 0.8197916666666667 0.22604166666666667 0.18020833333333333 0.21319444444444446
0 0.39401041666666664 0.3236111111111111 0.13072916666666667 0.20972222222222223
0 0.4635416666666667 0.41909722222222223 0.153125 0.2076388888888889
0 0.14244791666666667 0.4652777777777778 0.14739583333333334 0.19583333333333333
0 0.29296875 0.5847222222222223 0.19010416666666666 0.2
0 0.19244791666666666 0.7274305555555556 0.21510416666666665 0.19791666666666669
0 0.56640625 0.7868055555555555 0.17552083333333332 0.225
0 0.5677083333333334 0.49930555555555556 0.23854166666666665 0.28194444444444444