0 0.5708333333333333 0.7395833333333334 0.13541666666666666 0.13333333333333333
0 0.26197916666666665 0.5864583333333333 0.16875 0.11180555555555556
0 0.34739583333333335 0.5284722222222222 0.12291666666666666 0.14166666666666666
0 0.2747395833333333 0.38333333333333336 0.1109375 0.15972222222222224
0 0.12343749999999999 0.29583333333333334 0.053125 0.14583333333333334
0 0.4848958333333333 0.4295138888888889 0.11458333333333333 0.15347222222222223
0 0.5947916666666666 0.5409722222222222 0.13958333333333334 0.18472222222222223
0 0.5953125 0.2659722222222222 0.13333333333333333 0.11805555555555557
0 0.50390625 0.3260416666666667 0.1046875 0.1590277777777778
0 0.68125 0.12534722222222222 0.10520833333333333 0.05763888888888889
0 0.84140625 0.16631944444444446 0.11927083333333333 0.11458333333333334
0 0.8268229166666666 0.3770833333333333 0.11197916666666667 0.1625