0 0.5169270833333334 0.7829861111111112 0.1703125 0.18819444444444444
0 0.22630208333333332 0.4822916666666667 0.2015625 0.17708333333333334
0 0.33229166666666665 0.45833333333333337 0.15833333333333333 0.19305555555555556
0 0.29140625 0.2715277777777778 0.14947916666666666 0.20833333333333334
0 0.15208333333333332 0.11041666666666668 0.084375 0.1736111111111111
0 0.5036458333333333 0.41458333333333336 0.15208333333333332 0.20277777777777778
0 0.5927083333333333 0.5822916666666667 0.184375 0.2451388888888889
0 0.6622395833333333 0.28958333333333336 0.16510416666666666 0.17222222222222222
0 0.5497395833333333 0.31319444444444444 0.14322916666666666 0.20555555555555557
0 0.7893229166666667 0.17847222222222223 0.12343749999999999 0.09722222222222222
0 0.94921875 0.2934027777777778 0.14947916666666666 0.16319444444444445
0 0.8807291666666667 0.5114583333333333 0.15104166666666666 0.21180555555555555