0 0.09244791666666667 0.685763888888889 0.12447916666666667 0.1590277777777778
0 0.28463541666666664 0.8527777777777779 0.10260416666666666 0.09166666666666667
0 0.3502604166666667 0.7413194444444444 0.19114583333333332 0.17152777777777778
0 0.13776041666666666 0.49270833333333336 0.1796875 0.21597222222222223
0 0.5158854166666667 0.7427083333333334 0.13385416666666666 0.20902777777777778
0 0.50234375 0.6142361111111111 0.1546875 0.20902777777777778
0 0.77578125 0.8243055555555556 0.1484375 0.19722222222222224
0 0.7083333333333334 0.6142361111111111 0.18854166666666666 0.20486111111111113
0 0.8494791666666667 0.5791666666666667 0.21145833333333333 0.20555555555555557
0 0.58046875 0.24479166666666669 0.1765625 0.22708333333333333
0 0.45468749999999997 0.4704861111111111 0.23854166666666665 0.2868055555555556