0 0.5191316918824675 0.8294416338892525 0.1663742895652023 0.18937539029281736
0 0.45709939221617635 0.5198710241482186 0.220495549758988 0.23448957405609902
0 0.5335581053434352 0.3763599442915373 0.271842084507376 0.20017113370590536
0 0.6255953567387695 0.2002014432144689 0.2167808661980259 0.15853698434184682
0 0.6375911493577344 0.26251467112094645 0.2390615557777921 0.20379688093288378
0 0.9137314626114625 0.4252302598537792 0.17253707477707492 0.18154289485948782
0 0.7338503431338953 0.5490881173188253 0.1627878774432818 0.20826006689680174
0 0.8868027704264215 0.7225303462744246 0.226394459147157 0.1827184798628742
0 0.15642893975964936 0.1933577029010391 0.21793360603911457 0.2067309022506782
0 0.16401706133067093 0.04592353124511426 0.1376085907464482 0.08002144690150936
0 0.28814413269268163 0.03629375325536042 0.23160741432153345 0.05118248164622354