0 0.24635416666666665 0.03159722222222222 0.13541666666666666 0.15208333333333335
0 0.3533854166666667 0.02777777777777778 0.22135416666666666 0.18333333333333335
0 0.21822916666666667 0.1920138888888889 0.2125 0.22847222222222224
0 0.64140625 0.22881944444444446 0.20885416666666667 0.16597222222222222
0 0.6348958333333333 0.29756944444444444 0.23124999999999998 0.20625000000000002
0 0.88671875 0.46284722222222224 0.22239583333333332 0.22013888888888888
0 0.5346354166666667 0.38159722222222225 0.24947916666666667 0.22430555555555556
0 0.4471354166666667 0.4899305555555556 0.20989583333333334 0.22986111111111113
0 0.6901041666666666 0.540625 0.17395833333333333 0.22291666666666668
0 0.8114583333333333 0.7173611111111111 0.24583333333333332 0.225
0 0.4669270833333333 0.7833333333333333 0.15989583333333332 0.20555555555555557