0 0.14609375 0.8090277777777778 0.11614583333333334 0.11666666666666667
0 0.23984375 0.8638888888888889 0.20364583333333333 0.11944444444444445
0 0.16458333333333333 0.6527777777777778 0.184375 0.17083333333333334
0 0.5505208333333333 0.8236111111111112 0.19375 0.10416666666666667
0 0.5635416666666666 0.7590277777777779 0.21041666666666667 0.14027777777777778
0 0.83203125 0.7333333333333334 0.19739583333333333 0.15833333333333333
0 0.49713541666666666 0.6361111111111112 0.2265625 0.1527777777777778
0 0.44869791666666664 0.4979166666666667 0.18177083333333333 0.1736111111111111
0 0.678125 0.5694444444444444 0.14375 0.17916666666666667
0 0.8338541666666667 0.47118055555555555 0.221875 0.15486111111111112
0 0.5453125 0.246875 0.13229166666666667 0.16597222222222222