0 0.26510416666666664 0.9663194444444445 0.11770833333333333 0.14930555555555555
0 0.4856770833333333 0.9454861111111111 0.0984375 0.08402777777777778
0 0.4875 0.8093750000000001 0.18333333333333332 0.15763888888888888
0 0.21562499999999998 0.7826388888888889 0.17083333333333334 0.20277777777777778
0 0.615625 0.6822916666666667 0.125 0.19930555555555557
0 0.5489583333333333 0.59375 0.14583333333333334 0.19722222222222224
0 0.8507812499999999 0.5437500000000001 0.14010416666666667 0.18611111111111112
0 0.7078125 0.4340277777777778 0.18020833333333333 0.19166666666666668
0 0.80078125 0.29791666666666666 0.20260416666666667 0.1902777777777778
0 0.4479166666666667 0.24895833333333334 0.16666666666666666 0.21458333333333335
0 0.4497395833333333 0.5197916666666667 0.2265625 0.26875