0 0.9078125 0.6920138888888889 0.11979166666666667 0.15208333333333335
0 0.71796875 0.8493055555555555 0.09947916666666666 0.08750000000000001
0 0.6559895833333333 0.7392361111111111 0.1859375 0.16319444444444445
0 0.8664062499999999 0.503125 0.1734375 0.2076388888888889
0 0.49505208333333334 0.7364583333333333 0.12864583333333332 0.20208333333333334
0 0.51015625 0.6114583333333333 0.1484375 0.20069444444444445
0 0.24088541666666666 0.8086805555555556 0.14322916666666666 0.18958333333333335
0 0.309375 0.6062500000000001 0.18229166666666666 0.19583333333333333
0 0.17291666666666666 0.5680555555555555 0.20520833333333333 0.19583333333333333
0 0.43984375 0.24965277777777778 0.1703125 0.21875
0 0.5583333333333333 0.4729166666666667 0.23020833333333332 0.275