0 0.6875 1.0090277777777779 0.13229166666666667 0.15972222222222224
0 0.58828125 0.9885416666666667 0.20572916666666666 0.20902777777777778
0 0.73359375 0.8666666666666667 0.20572916666666666 0.24166666666666667
0 0.34765625 0.7385416666666667 0.19322916666666667 0.19097222222222224
0 0.3625 0.6763888888888889 0.21770833333333334 0.22916666666666669
0 0.15078125 0.4673611111111111 0.21197916666666666 0.23750000000000002
0 0.4653645833333333 0.6208333333333333 0.23489583333333333 0.24861111111111112
0 0.5596354166666666 0.5409722222222222 0.20364583333333333 0.24166666666666667
0 0.3421875 0.4395833333333333 0.17395833333333333 0.2263888888888889
0 0.2520833333333333 0.24965277777777778 0.23229166666666667 0.24791666666666667
0 0.5783854166666667 0.265625 0.15989583333333332 0.20902777777777778