0 0.50078125 0.2621527777777778 0.1578125 0.18125
0 0.25625 0.5618055555555556 0.184375 0.17500000000000002
0 0.35260416666666666 0.5722222222222223 0.14791666666666667 0.18333333333333335
0 0.3263020833333333 0.7444444444444445 0.14114583333333333 0.19583333333333333
0 0.21015625 0.9034722222222222 0.08385416666666666 0.15833333333333333
0 0.5091145833333334 0.5947916666666667 0.14322916666666666 0.19097222222222224
0 0.5799479166666667 0.4354166666666667 0.1734375 0.23055555555555557
0 0.6588541666666666 0.6916666666666667 0.15208333333333332 0.16527777777777777
0 0.55625 0.6815972222222223 0.13541666666666666 0.19236111111111112
0 0.7794270833333333 0.7791666666666667 0.11197916666666667 0.09722222222222222
0 0.9166666666666666 0.6597222222222222 0.13854166666666667 0.15694444444444444
0 0.8432291666666667 0.4704861111111111 0.14270833333333333 0.19930555555555557