0 0.9341145833333333 0.4215277777777778 0.13697916666666665 0.16527777777777777
0 0.8627604166666667 0.32083333333333336 0.2140625 0.2138888888888889
0 0.8700520833333333 0.5583333333333333 0.21302083333333333 0.24861111111111112
0 0.5606770833333333 0.19270833333333334 0.2015625 0.1951388888888889
0 0.5291666666666667 0.24583333333333335 0.22604166666666667 0.23611111111111113
0 0.27057291666666666 0.12708333333333333 0.2203125 0.24444444444444446
0 0.5544270833333333 0.3965277777777778 0.24427083333333333 0.2555555555555556
0 0.5583333333333333 0.5506944444444445 0.21145833333333333 0.25
0 0.3651041666666667 0.36180555555555555 0.18020833333333333 0.23472222222222222
0 0.19036458333333334 0.37083333333333335 0.24114583333333334 0.2555555555555556
0 0.3924479166666667 0.734375 0.16614583333333333 0.21597222222222223