0 0.8895833333333333 0.63125 0.11562499999999999 0.1486111111111111
0 0.7247395833333333 0.7989583333333333 0.0921875 0.08958333333333333
0 0.6598958333333333 0.7045138888888889 0.17291666666666666 0.16736111111111113
0 0.8388020833333333 0.46145833333333336 0.16614583333333333 0.20347222222222222
0 0.5109375 0.7204861111111112 0.12708333333333333 0.19236111111111112
0 0.5166666666666666 0.6034722222222223 0.14479166666666665 0.19444444444444445
0 0.28072916666666664 0.8173611111111111 0.13854166666666667 0.18333333333333335
0 0.3307291666666667 0.6218750000000001 0.17291666666666666 0.1951388888888889
0 0.20208333333333334 0.603125 0.19270833333333334 0.19791666666666669
0 0.4278645833333333 0.27743055555555557 0.1640625 0.21319444444444446
0 0.55234375 0.46944444444444444 0.2203125 0.26944444444444443