0 0.5928535069105978 0.831621187885269 0.16665685021364401 0.19551000351149317
0 0.44990775798156546 0.564074624013218 0.22063347145092002 0.2422065437328549
0 0.47873106961384726 0.38507624497836196 0.27215833009727614 0.21003143957128984
0 0.5122299648655317 0.16633866665470243 0.21715649436183995 0.1661251460844795
0 0.5405628110267982 0.22054554111275046 0.23945022623087234 0.21275574147940907
0 0.857141657874576 0.2222607172498227 0.21919485929952218 0.19059307111159207
0 0.7083141499484112 0.4479698768443605 0.16321876242721628 0.2138718556211055
0 0.8904441567796297 0.5322154984362593 0.2191116864407406 0.1898361513602273
0 0.10023712023961794 0.4047942333134726 0.19003791495851863 0.21216726318854975
0 0.05746768523004793 0.23117089830849755 0.10932928672714463 0.14142489117286905
0 0.1471386606853884 0.13869906627276476 0.23573594064745526 0.15382877951922624