0 0.49166666666666664 0.7736111111111111 0.16354166666666667 0.17777777777777778
0 0.77890625 0.4934027777777778 0.19427083333333334 0.16597222222222222
0 0.6770833333333334 0.4666666666666667 0.15104166666666666 0.18333333333333335
0 0.7203125 0.2871527777777778 0.14166666666666666 0.19930555555555557
0 0.8583333333333333 0.13645833333333335 0.07916666666666666 0.16736111111111113
0 0.5125 0.41805555555555557 0.14479166666666665 0.19305555555555556
0 0.42265625 0.5767361111111111 0.17552083333333332 0.23402777777777778
0 0.3614583333333333 0.29131944444444446 0.15833333333333333 0.16180555555555556
0 0.46979166666666666 0.31770833333333337 0.13541666666666666 0.19652777777777777
0 0.24088541666666666 0.17881944444444445 0.11927083333333333 0.09097222222222223
0 0.08385416666666666 0.2847222222222222 0.14270833333333333 0.15416666666666667
0 0.14557291666666666 0.49756944444444445 0.14322916666666666 0.20208333333333334