0 0.10286458333333333 0.34618055555555555 0.12135416666666667 0.15486111111111112
0 0.2877604166666667 0.18055555555555555 0.09947916666666666 0.09027777777777778
0 0.35260416666666666 0.28750000000000003 0.18541666666666667 0.16944444444444445
0 0.14921875 0.5322916666666667 0.17552083333333332 0.21180555555555555
0 0.5130208333333334 0.2826388888888889 0.13125 0.20416666666666666
0 0.5010416666666666 0.4076388888888889 0.15104166666666666 0.20416666666666666
0 0.7645833333333333 0.19895833333333335 0.14479166666666665 0.19236111111111112
0 0.7015625 0.40381944444444445 0.18333333333333332 0.20069444444444445
0 0.83828125 0.43506944444444445 0.20572916666666666 0.20208333333333334
0 0.5809895833333333 0.7645833333333334 0.17239583333333333 0.22222222222222224
0 0.45677083333333335 0.5482638888888889 0.23229166666666667 0.2798611111111111