0 0.8572916666666667 0.13819444444444445 0.10416666666666667 0.12638888888888888
0 0.6268229166666667 0.07152777777777779 0.0984375 0.05555555555555556
0 0.5942708333333333 0.21006944444444445 0.18333333333333332 0.10486111111111111
0 0.8664062499999999 0.3458333333333333 0.1546875 0.16666666666666669
0 0.43463541666666666 0.28923611111111114 0.09947916666666666 0.1840277777777778
0 0.4830729166666667 0.40625 0.12552083333333333 0.17222222222222222
0 0.16276041666666666 0.3371527777777778 0.12135416666666667 0.16041666666666668
0 0.28463541666666664 0.5065972222222223 0.16927083333333334 0.14791666666666667
0 0.15885416666666666 0.6086805555555556 0.19791666666666666 0.13541666666666669
0 0.5088541666666666 0.7996527777777778 0.146875 0.1826388888888889
0 0.5677083333333334 0.5215277777777778 0.20520833333333333 0.22083333333333335