0 0.10234375 0.6795138888888889 0.12135416666666667 0.15486111111111112
0 0.28932291666666665 0.8434027777777778 0.09947916666666666 0.08958333333333333
0 0.3536458333333333 0.7347222222222223 0.18645833333333334 0.16805555555555557
0 0.14713541666666666 0.4916666666666667 0.17552083333333332 0.2111111111111111
0 0.5151041666666667 0.7371527777777778 0.13125 0.20347222222222222
0 0.5020833333333333 0.6114583333333333 0.15104166666666666 0.20347222222222222
0 0.7682291666666666 0.8177083333333334 0.14479166666666665 0.19236111111111112
0 0.7033854166666667 0.6125 0.18385416666666665 0.2
0 0.840625 0.5788194444444444 0.20625 0.20069444444444445
0 0.57890625 0.2513888888888889 0.17239583333333333 0.22222222222222224
0 0.45598958333333334 0.47118055555555555 0.2328125 0.2798611111111111