0 0.8471354166666667 0.8614583333333333 0.09947916666666666 0.12013888888888889
0 0.6260416666666666 0.929513888888889 0.09375 0.052083333333333336
0 0.5934895833333333 0.7961805555555556 0.17552083333333332 0.09930555555555556
0 0.8541666666666666 0.6618055555555555 0.14791666666666667 0.15833333333333333
0 0.43906249999999997 0.7225694444444445 0.09479166666666666 0.17569444444444446
0 0.48463541666666665 0.6090277777777778 0.11927083333333333 0.1638888888888889
0 0.17682291666666666 0.6802083333333334 0.11614583333333334 0.15347222222222223
0 0.29296875 0.5152777777777778 0.16197916666666667 0.14027777777777778
0 0.17109375 0.41875 0.1890625 0.1277777777777778
0 0.5065104166666666 0.23020833333333335 0.14010416666666667 0.17430555555555557
0 0.565625 0.496875 0.19583333333333333 0.20902777777777778