0 0.5197916666666667 0.7621527777777778 0.16354166666666667 0.18958333333333335
0 0.7625 0.4444444444444445 0.18854166666666666 0.18472222222222223
0 0.6635416666666667 0.4378472222222222 0.153125 0.19097222222222224
0 0.6859375 0.2604166666666667 0.146875 0.20277777777777778
0 0.8010416666666667 0.09236111111111112 0.08854166666666667 0.1625
0 0.5026041666666666 0.421875 0.14895833333333333 0.19930555555555557
0 0.4341145833333333 0.5881944444444445 0.18072916666666666 0.24027777777777778
0 0.346875 0.3295138888888889 0.15729166666666666 0.17430555555555557
0 0.45208333333333334 0.3350694444444445 0.14166666666666666 0.19930555555555557
0 0.22135416666666666 0.24548611111111113 0.11458333333333333 0.10347222222222223
0 0.08359375 0.37430555555555556 0.14322916666666666 0.1638888888888889
0 0.1640625 0.5642361111111112 0.14895833333333333 0.20625000000000002