0 0.8125 0.10416666666666667 0.12291666666666666 0.12916666666666668
0 0.7104166666666667 0.07881944444444444 0.21041666666666667 0.14097222222222222
0 0.8208333333333333 0.2642361111111111 0.19479166666666667 0.19097222222222224
0 0.4106770833333333 0.2125 0.19947916666666665 0.125
0 0.40859375 0.2798611111111111 0.21822916666666667 0.1625
0 0.14817708333333332 0.38680555555555557 0.20677083333333332 0.17916666666666667
0 0.4953125 0.38125000000000003 0.23541666666666666 0.1763888888888889
0 0.5666666666666667 0.5027777777777778 0.19166666666666665 0.19305555555555556
0 0.32786458333333335 0.5020833333333333 0.1546875 0.19444444444444445
0 0.19088541666666667 0.6461805555555555 0.23072916666666665 0.17847222222222223
0 0.5138020833333333 0.7802083333333334 0.1421875 0.1798611111111111