0 0.5783854166666667 0.753125 0.14635416666666667 0.1451388888888889
0 0.24687499999999998 0.5979166666666667 0.18125 0.12361111111111112
0 0.3372395833333333 0.5336805555555556 0.1328125 0.15347222222222223
0 0.2578125 0.3809027777777778 0.12083333333333333 0.17291666666666666
0 0.09479166666666666 0.29131944444444446 0.058333333333333334 0.15625
0 0.4825520833333333 0.425 0.12447916666666667 0.16666666666666669
0 0.6010416666666667 0.540625 0.15104166666666666 0.20069444444444445
0 0.59765625 0.24756944444444445 0.14322916666666666 0.12847222222222224
0 0.5013020833333334 0.3142361111111111 0.1140625 0.17152777777777778
0 0.6872395833333333 0.09583333333333334 0.11302083333333333 0.0638888888888889
0 0.8585937499999999 0.13541666666666669 0.12864583333333332 0.125
0 0.84609375 0.36006944444444444 0.12135416666666667 0.17569444444444446