0 0.390625 0.28506944444444443 0.17083333333333334 0.19097222222222224
0 0.7546875 0.33611111111111114 0.20104166666666667 0.18055555555555555
0 0.6747395833333333 0.42986111111111114 0.15885416666666666 0.19444444444444445
0 0.7828125 0.5593750000000001 0.15 0.20902777777777778
0 0.9640624999999999 0.5979166666666667 0.08645833333333333 0.1736111111111111
0 0.5473958333333333 0.5868055555555556 0.153125 0.20416666666666666
0 0.40625 0.5079861111111111 0.18541666666666667 0.2465277777777778
0 0.4627604166666667 0.8038194444444444 0.16510416666666666 0.17430555555555557
0 0.5484375 0.7052083333333333 0.14375 0.20625000000000002
0 0.3989583333333333 0.9868055555555556 0.12291666666666666 0.1
0 0.21848958333333332 1.0013888888888889 0.14947916666666666 0.16527777777777777
0 0.190625 0.7694444444444445 0.15208333333333332 0.2125