0 0.2140625 0.07361111111111111 0.12916666666666665 0.1388888888888889
0 0.31875 0.05555555555555556 0.21666666666666667 0.15694444444444444
0 0.1984375 0.2357638888888889 0.203125 0.20625000000000002
0 0.61796875 0.21493055555555557 0.20572916666666666 0.14097222222222222
0 0.6169270833333333 0.2833333333333333 0.22552083333333334 0.18055555555555555
0 0.8776041666666666 0.4121527777777778 0.21458333333333332 0.1951388888888889
0 0.5247395833333334 0.37986111111111115 0.24322916666666666 0.19583333333333333
0 0.4466145833333333 0.4979166666666667 0.20052083333333334 0.20833333333333334
0 0.68984375 0.5152777777777778 0.16302083333333334 0.20694444444444446
0 0.82265625 0.6729166666666667 0.23906249999999998 0.19722222222222224
0 0.48854166666666665 0.784375 0.15 0.19097222222222224