0 0.7963541666666667 0.9503472222222222 0.12916666666666665 0.14097222222222222
0 0.69140625 0.9666666666666667 0.2171875 0.16111111111111112
0 0.8135416666666666 0.7881944444444444 0.20416666666666666 0.20833333333333334
0 0.39348958333333334 0.8024305555555555 0.20572916666666666 0.14375000000000002
0 0.39479166666666665 0.7336805555555556 0.22604166666666667 0.1826388888888889
0 0.13541666666666666 0.6006944444444444 0.21562499999999998 0.19861111111111113
0 0.48854166666666665 0.638888888888889 0.24375 0.19861111111111113
0 0.5674479166666666 0.521875 0.2015625 0.21041666666666667
0 0.32421875 0.5003472222222223 0.1640625 0.20902777777777778
0 0.19244791666666666 0.34097222222222223 0.24010416666666667 0.2
0 0.528125 0.234375 0.15104166666666666 0.19236111111111112