1 0.61640625 0.7015625 0.4640625 0.5
1 0.94453125 0.271875 0.1109375 0.153125
1 0.87578125 0.234375 0.071875 0.0640625
1 0.85859375 0.3046875 0.1046875 0.125
1 0.7859375 0.28203125 0.10625 0.125
1 0.7234375 0.25625 0.0953125 0.128125
1 0.6046875 0.38125 0.121875 0.13125
1 0.4359375 0.33984375 0.134375 0.13125
1 0.71796875 0.44921875 0.1140625 0.0953125
1 0.63359375 0.26953125 0.1171875 0.10625
1 0.50234375 0.2421875 0.1125 0.0953125
1 0.4234375 0.190625 0.1015625 0.125
1 0.35703125 0.17578125 0.1078125 0.13125
1 0.278125 0.1625 0.0890625 0.121875
2 0.76953125 0.63125 0.1109375 0.1359375