1 0.34375 0.6734375 0.396875 0.440625
1 0.11015625 0.18359375 0.0921875 0.140625
1 0.1875 0.1625 0.0640625 0.0546875
1 0.18984375 0.234375 0.0875 0.1109375
1 0.265625 0.22734375 0.0875 0.1125
1 0.33203125 0.21484375 0.0765625 0.1171875
1 0.42265625 0.36171875 0.103125 0.115625
1 0.59609375 0.35625 0.1171875 0.1140625
1 0.29765625 0.4046875 0.1015625 0.0796875
1 0.4171875 0.246875 0.103125 0.090625
1 0.5515625 0.246875 0.1015625 0.0796875
1 0.6390625 0.21328125 0.084375 0.1125
1 0.70703125 0.21328125 0.0890625 0.11875
1 0.78671875 0.215625 0.0703125 0.1125
2 0.20859375 0.57265625 0.0921875 0.121875