1 0.67578125 0.653125 0.4453125 0.484375
1 0.8484375 0.13828125 0.1078125 0.15
1 0.76875 0.1265625 0.0703125 0.0609375
1 0.77578125 0.1984375 0.1 0.1203125
1 0.69921875 0.20078125 0.1 0.121875
1 0.63203125 0.196875 0.090625 0.125
1 0.56015625 0.35390625 0.115625 0.1265625
1 0.38671875 0.36953125 0.1296875 0.1265625
1 0.6890625 0.38125 0.1109375 0.090625
1 0.5515625 0.2390625 0.1125 0.1015625
1 0.41796875 0.25546875 0.109375 0.090625
1 0.3265625 0.2328125 0.096875 0.121875
1 0.259375 0.240625 0.1015625 0.128125
1 0.18046875 0.253125 0.0828125 0.11875
2 0.79765625 0.5359375 0.10625 0.13125