0 0.5466145833333333 0.7684027777777778 0.15364583333333334 0.15763888888888888
0 0.23645833333333333 0.5385416666666667 0.1875 0.13819444444444445
0 0.3346354166666667 0.4951388888888889 0.14010416666666667 0.16527777777777777
0 0.2752604166666667 0.325 0.12864583333333332 0.18333333333333335
0 0.12421875 0.1982638888888889 0.06614583333333333 0.16180555555555556
0 0.49322916666666666 0.4197916666666667 0.13229166666666667 0.17708333333333334
0 0.596875 0.5621527777777778 0.16041666666666665 0.21319444444444446
0 0.6307291666666667 0.2690972222222222 0.15 0.14097222222222222
0 0.5263020833333333 0.31354166666666666 0.12239583333333333 0.18125
0 0.73984375 0.13819444444444445 0.11614583333333334 0.07361111111111111
0 0.9052083333333333 0.21666666666666667 0.134375 0.13611111111111113
0 0.8638020833333333 0.4378472222222222 0.1296875 0.18680555555555556