0 0.17838541666666666 0.9361111111111111 0.11614583333333334 0.14305555555555557
0 0.41875 0.9725694444444445 0.10416666666666667 0.07013888888888889
0 0.44114583333333335 0.8267361111111111 0.19375 0.1326388888888889
0 0.15286458333333333 0.7256944444444444 0.1703125 0.1902777777777778
0 0.5979166666666667 0.7239583333333334 0.11562499999999999 0.20069444444444445
0 0.5395833333333333 0.6114583333333333 0.140625 0.19236111111111112
0 0.8716145833333333 0.6375000000000001 0.1359375 0.18055555555555555
0 0.734375 0.48194444444444445 0.18333333333333332 0.1736111111111111
0 0.8546874999999999 0.36006944444444444 0.21145833333333333 0.16458333333333333
0 0.4822916666666667 0.2138888888888889 0.16354166666666667 0.20555555555555557
0 0.4440104166666667 0.5055555555555555 0.22552083333333334 0.25277777777777777