0 0.40729166666666666 0.2767361111111111 0.1625 0.17430555555555557
0 0.7606770833333333 0.36736111111111114 0.19427083333333334 0.15972222222222224
0 0.6763020833333333 0.45034722222222223 0.14947916666666666 0.1798611111111111
0 0.7739583333333333 0.5895833333333333 0.13958333333333334 0.19722222222222224
0 0.9489583333333333 0.6479166666666667 0.07604166666666666 0.16805555555555557
0 0.54140625 0.5899305555555556 0.14322916666666666 0.19097222222222224
0 0.4083333333333333 0.4965277777777778 0.17291666666666666 0.23055555555555557
0 0.44453125 0.7927083333333333 0.1578125 0.15763888888888888
0 0.5348958333333333 0.7059027777777778 0.13333333333333333 0.19375
0 0.37083333333333335 0.9645833333333333 0.11979166666666667 0.08611111111111111
0 0.19296875 0.9586805555555556 0.1421875 0.15069444444444444
0 0.18046875 0.7284722222222223 0.14114583333333333 0.2