0 0.22421875 0.9850694444444444 0.13697916666666665 0.15208333333333335
0 0.33359375 0.9951388888888889 0.2265625 0.17916666666666667
0 0.20026041666666666 0.81875 0.21510416666666665 0.2263888888888889
0 0.6356770833333333 0.8052083333333334 0.2140625 0.16041666666666668
0 0.6317708333333333 0.734375 0.23645833333333333 0.20208333333333334
0 0.8953125 0.5791666666666667 0.22604166666666667 0.21666666666666667
0 0.53125 0.6420138888888889 0.2552083333333333 0.21875
0 0.44505208333333335 0.5263888888888889 0.21302083333333333 0.22777777777777777
0 0.6958333333333333 0.48750000000000004 0.175 0.22361111111111112
0 0.8263020833333333 0.3138888888888889 0.2505208333333333 0.22083333333333335
0 0.4747395833333333 0.22604166666666667 0.1609375 0.20625000000000002