0 0.3911458333333333 0.28958333333333336 0.16875 0.18888888888888888
0 0.75 0.3354166666666667 0.19895833333333332 0.17916666666666667
0 0.671875 0.4291666666666667 0.15729166666666666 0.19305555555555556
0 0.7791666666666667 0.5552083333333333 0.14895833333333333 0.2076388888888889
0 0.9580729166666666 0.5913194444444445 0.0859375 0.17152777777777778
0 0.5471354166666667 0.5854166666666667 0.1515625 0.20277777777777778
0 0.4075520833333333 0.5090277777777777 0.18385416666666665 0.24444444444444446
0 0.46510416666666665 0.8 0.16354166666666667 0.17222222222222222
0 0.5489583333333333 0.7020833333333334 0.14270833333333333 0.20416666666666666
0 0.40390624999999997 0.9809027777777778 0.12135416666666667 0.09930555555555556
0 0.22604166666666667 0.9975694444444445 0.14791666666666667 0.16319444444444445
0 0.19661458333333334 0.7694444444444445 0.15052083333333333 0.2111111111111111