0 0.15885416666666666 0.875 0.103125 0.125
0 0.38697916666666665 0.9427083333333334 0.096875 0.05486111111111111
0 0.4197916666666667 0.8052083333333334 0.18125 0.10347222222222223
0 0.15052083333333333 0.6694444444444445 0.153125 0.1638888888888889
0 0.578125 0.7277777777777779 0.09791666666666667 0.18194444444444446
0 0.5307291666666667 0.6118055555555556 0.12395833333333334 0.16944444444444445
0 0.8479166666666667 0.6819444444444445 0.11979166666666667 0.15833333333333333
0 0.72734375 0.5135416666666667 0.1671875 0.1451388888888889
0 0.85234375 0.41284722222222225 0.1953125 0.1326388888888889
0 0.5059895833333333 0.22187500000000002 0.1453125 0.1798611111111111
0 0.4466145833333333 0.49722222222222223 0.20260416666666667 0.21805555555555556