0 0.51171875 0.23402777777777778 0.17552083333333332 0.2
0 0.7869791666666667 0.5635416666666667 0.20520833333333333 0.19236111111111112
0 0.6794270833333333 0.5770833333333334 0.1640625 0.20277777777777778
0 0.7104166666666667 0.7684027777777778 0.15625 0.21736111111111112
0 0.84140625 0.9437500000000001 0.0921875 0.1763888888888889
0 0.50546875 0.6045138888888889 0.15885416666666666 0.21180555555555555
0 0.425 0.42812500000000003 0.19270833333333334 0.25625000000000003
0 0.33932291666666664 0.7152777777777778 0.16927083333333334 0.18333333333333335
0 0.4536458333333333 0.7024305555555556 0.15 0.21319444444444446
0 0.20598958333333334 0.8142361111111112 0.12447916666666667 0.1076388888888889
0 0.052083333333333336 0.6833333333333333 0.153125 0.1736111111111111
0 0.13229166666666667 0.4715277777777778 0.15833333333333333 0.22083333333333335