0 0.12942708333333333 0.7100694444444444 0.12135416666666667 0.13402777777777777
0 0.2109375 0.7826388888888889 0.20208333333333334 0.15555555555555556
0 0.16640625 0.5673611111111111 0.19114583333333332 0.19861111111111113
0 0.5080729166666667 0.8149305555555556 0.19114583333333332 0.13958333333333334
0 0.5286458333333334 0.7569444444444444 0.21041666666666667 0.1763888888888889
0 0.784375 0.7934027777777778 0.20104166666666667 0.18958333333333335
0 0.4817708333333333 0.6263888888888889 0.22708333333333333 0.19166666666666668
0 0.4536458333333333 0.4857638888888889 0.18854166666666666 0.20069444444444445
0 0.6604166666666667 0.6045138888888889 0.15416666666666667 0.19652777777777777
0 0.8195312499999999 0.546875 0.22343749999999998 0.19236111111111112
0 0.5763020833333333 0.27083333333333337 0.1421875 0.18194444444444446