0 0.13619791666666667 0.7000000000000001 0.11927083333333333 0.13194444444444445
0 0.21484375 0.771875 0.19739583333333333 0.15486111111111112
0 0.1734375 0.5604166666666667 0.1875 0.19583333333333333
0 0.50546875 0.8076388888888889 0.18697916666666667 0.1388888888888889
0 0.5260416666666666 0.7520833333333333 0.20625 0.17500000000000002
0 0.77578125 0.7913194444444445 0.19739583333333333 0.18819444444444444
0 0.4809895833333333 0.623263888888889 0.22239583333333332 0.18958333333333335
0 0.45468749999999997 0.48541666666666666 0.18541666666666667 0.19861111111111113
0 0.65625 0.6048611111111112 0.15208333333333332 0.19444444444444445
0 0.8119791666666667 0.5510416666666667 0.21875 0.19097222222222224
0 0.5768229166666666 0.27708333333333335 0.14010416666666667 0.17916666666666667