0 0.4483492193285654 0.7661010352912099 0.15193474552347752 0.1734563238466321
0 0.5537285350095311 0.4694485192254223 0.2033126033819437 0.21155278784858145
0 0.49867501823816435 0.30016430978805686 0.26374581659424434 0.16722800736863444
0 0.43322566076716146 0.0926870902209487 0.21076281972158054 0.13187807928275
0 0.4125359239614695 0.15263429722514937 0.22852723665346966 0.1762531937625995
0 0.10397958889380127 0.22854255272506652 0.1897821815791614 0.15453956793072324
0 0.27667736769710466 0.41586720319156356 0.14559640071402286 0.19386275736596395
0 0.10754255912875631 0.5433216177845481 0.20657309218719308 0.14958864848887468
0 0.8964534852489313 0.2264531577963023 0.20469008048044188 0.18271929541077742
0 0.9152655823900547 0.05333492497546856 0.1303217131707821 0.10666984995093712
0 0.7969574968173121 0.018448068130707686 0.23229326006697182 0.03689613626141537