0 0.7236979166666666 0.035763888888888894 0.1296875 0.15069444444444444
0 0.6236979166666666 0.043055555555555555 0.20781249999999998 0.18888888888888888
0 0.759375 0.18298611111111113 0.203125 0.22708333333333333
0 0.3653645833333333 0.2604166666666667 0.1953125 0.17222222222222222
0 0.37526041666666665 0.32395833333333335 0.21822916666666667 0.21041666666666667
0 0.14895833333333333 0.5041666666666667 0.21145833333333333 0.22083333333333335
0 0.4739583333333333 0.3927083333333333 0.23541666666666666 0.22847222222222224
0 0.5619791666666667 0.48506944444444444 0.20104166666666667 0.22847222222222224
0 0.3375 0.5569444444444445 0.16875 0.21805555555555556
0 0.23385416666666667 0.7347222222222223 0.23229166666666667 0.22916666666666669
0 0.56015625 0.7618055555555556 0.15572916666666667 0.2013888888888889