0 0.9421875 0.409375 0.13958333333333334 0.16736111111111113
0 0.86796875 0.3076388888888889 0.21927083333333333 0.2152777777777778
0 0.8786458333333333 0.5503472222222222 0.21770833333333334 0.2520833333333333
0 0.5572916666666666 0.184375 0.20625 0.19652777777777777
0 0.5260416666666666 0.23958333333333334 0.23124999999999998 0.23750000000000002
0 0.26015625 0.12430555555555556 0.22552083333333334 0.24722222222222223
0 0.5536458333333333 0.3927083333333333 0.25 0.2576388888888889
0 0.5598958333333334 0.5506944444444445 0.21562499999999998 0.25277777777777777
0 0.36015625 0.36215277777777777 0.1828125 0.23819444444444446
0 0.18125 0.37569444444444444 0.24687499999999998 0.2569444444444445
0 0.39296875 0.7420138888888889 0.16822916666666665 0.22013888888888888