0 0.23671875 0.9090277777777778 0.11822916666666666 0.1277777777777778
0 0.3328125 0.9260416666666667 0.19895833333333332 0.14375000000000002
0 0.22239583333333332 0.7597222222222223 0.18645833333333334 0.18888888888888888
0 0.6083333333333333 0.7809027777777778 0.18854166666666666 0.12847222222222224
0 0.6078125 0.7177083333333334 0.20729166666666665 0.16458333333333333
0 0.8473958333333333 0.6003472222222223 0.196875 0.17847222222222223
0 0.52265625 0.6284722222222222 0.22343749999999998 0.17916666666666667
0 0.4515625 0.5197916666666667 0.184375 0.19097222222222224
0 0.675 0.5045138888888889 0.15 0.18958333333333335
0 0.7979166666666666 0.36041666666666666 0.21979166666666666 0.18055555555555555
0 0.490625 0.25625000000000003 0.1375 0.17500000000000002