0 0.4765625 0.7809027777777778 0.16354166666666667 0.17291666666666666
0 0.7888020833333333 0.5201388888888889 0.19739583333333333 0.15555555555555556
0 0.6848958333333334 0.48194444444444445 0.15 0.17916666666666667
0 0.73984375 0.3013888888888889 0.1390625 0.19722222222222224
0 0.8908854166666667 0.15972222222222224 0.07447916666666667 0.17083333333333334
0 0.5177083333333333 0.415625 0.14270833333333333 0.19097222222222224
0 0.4161458333333333 0.5701388888888889 0.17291666666666666 0.23055555555555557
0 0.3690104166666667 0.26944444444444443 0.15885416666666666 0.15555555555555556
0 0.47942708333333334 0.3079861111111111 0.1328125 0.1951388888888889
0 0.25104166666666666 0.14166666666666666 0.121875 0.08333333333333334
0 0.0828125 0.23472222222222222 0.14375 0.1486111111111111
0 0.134375 0.46111111111111114 0.140625 0.2