0 0.07838541666666667 0.7100694444444444 0.13802083333333334 0.15486111111111112
0 0.16666666666666666 0.7961805555555556 0.22604166666666667 0.1840277777777778
0 0.12473958333333333 0.5524305555555555 0.21614583333333334 0.22986111111111113
0 0.49765624999999997 0.8503472222222223 0.2140625 0.16597222222222222
0 0.5223958333333333 0.7875 0.23645833333333333 0.20694444444444446
0 0.8067708333333333 0.84375 0.22708333333333333 0.22083333333333335
0 0.4744791666666667 0.6385416666666667 0.2552083333333333 0.22430555555555556
0 0.44817708333333334 0.4798611111111111 0.2140625 0.23194444444444445
0 0.6747395833333333 0.6253472222222223 0.1765625 0.22569444444444445
0 0.8544270833333333 0.5711805555555556 0.2515625 0.22569444444444445
0 0.59296875 0.24722222222222223 0.16302083333333334 0.20833333333333334