0 0.47161458333333334 0.7902777777777779 0.16822916666666665 0.1763888888888889
0 0.7989583333333333 0.5267361111111112 0.20416666666666666 0.15763888888888888
0 0.6921875 0.48541666666666666 0.15416666666666667 0.18333333333333335
0 0.7510416666666666 0.2989583333333333 0.14270833333333333 0.20208333333333334
0 0.9098958333333333 0.15520833333333334 0.075 0.17569444444444446
0 0.5192708333333333 0.4121527777777778 0.146875 0.1951388888888889
0 0.4122395833333333 0.5708333333333333 0.17760416666666667 0.23611111111111113
0 0.36692708333333335 0.2576388888888889 0.1640625 0.15833333333333333
0 0.4809895833333333 0.29965277777777777 0.1359375 0.20069444444444445
0 0.24583333333333332 0.12187500000000001 0.12604166666666666 0.08402777777777778
0 0.07057291666666667 0.21493055555555557 0.14739583333333334 0.15208333333333335
0 0.12109375 0.45069444444444445 0.14427083333333332 0.20555555555555557