0 0.5015625 0.7805555555555556 0.17083333333333334 0.1902777777777778
0 0.7846354166666667 0.4743055555555556 0.20052083333333334 0.18055555555555555
0 0.6791666666666667 0.45381944444444444 0.15833333333333333 0.19375
0 0.7166666666666667 0.2677083333333333 0.15 0.20902777777777778
0 0.85234375 0.10381944444444445 0.0859375 0.17291666666666666
0 0.5088541666666666 0.4152777777777778 0.153125 0.20416666666666666
0 0.42343749999999997 0.5840277777777778 0.18541666666666667 0.24583333333333335
0 0.3494791666666667 0.29583333333333334 0.16458333333333333 0.1736111111111111
0 0.4614583333333333 0.3159722222222222 0.14375 0.20555555555555557
0 0.221875 0.18958333333333335 0.12291666666666666 0.1
0 0.065625 0.30868055555555557 0.14895833333333333 0.16458333333333333
0 0.13671875 0.5222222222222223 0.1515625 0.2125