0 0.9611979166666667 0.4215277777777778 0.13802083333333334 0.17916666666666667
0 0.7828125 0.20347222222222222 0.10729166666666666 0.1125
0 0.7002604166666666 0.3041666666666667 0.20052083333333334 0.2111111111111111
0 0.8890625 0.6114583333333333 0.19791666666666666 0.24791666666666667
0 0.528125 0.26458333333333334 0.15520833333333334 0.22777777777777777
0 0.5255208333333333 0.4013888888888889 0.17395833333333333 0.23333333333333334
0 0.26848958333333334 0.11979166666666667 0.16614583333333333 0.2215277777777778
0 0.3111979166666667 0.35347222222222224 0.20364583333333333 0.24027777777777778
0 0.16015625 0.3579861111111111 0.22447916666666667 0.24791666666666667
0 0.3966145833333333 0.7680555555555556 0.19635416666666666 0.2569444444444445
0 0.5565104166666667 0.5618055555555556 0.26197916666666665 0.3277777777777778