0 0.72734375 0.9923611111111111 0.12239583333333333 0.15694444444444444
0 0.5057291666666667 0.951388888888889 0.1 0.09166666666666667
0 0.5109375 0.8135416666666667 0.18645833333333334 0.17291666666666666
0 0.7864583333333334 0.8118055555555556 0.17708333333333334 0.2138888888888889
0 0.3888020833333333 0.6736111111111112 0.1328125 0.20555555555555557
0 0.46015625 0.5906250000000001 0.15260416666666665 0.20625000000000002
0 0.15859375 0.5118055555555556 0.14635416666666667 0.19444444444444445
0 0.30859375 0.4149305555555556 0.18489583333333334 0.20347222222222222
0 0.22213541666666667 0.2690972222222222 0.20677083333333332 0.20486111111111113
0 0.5802083333333333 0.25243055555555555 0.17395833333333333 0.22430555555555556
0 0.5640625 0.525 0.234375 0.2833333333333333