0 0.3072916666666667 1.0128472222222222 0.12604166666666666 0.16180555555555556
0 0.528125 0.9538194444444444 0.1 0.09791666666666667
0 0.5166666666666666 0.815625 0.1875 0.1840277777777778
0 0.23958333333333334 0.835763888888889 0.18125 0.22291666666666668
0 0.63359375 0.6649305555555556 0.1390625 0.20902777777777778
0 0.5578125 0.5871527777777777 0.15729166666666666 0.21180555555555555
0 0.8578125 0.4840277777777778 0.15104166666666666 0.2
0 0.70234375 0.39861111111111114 0.18802083333333333 0.2138888888888889
0 0.7830729166666667 0.24479166666666669 0.20885416666666667 0.21736111111111112
0 0.421875 0.2569444444444445 0.17916666666666667 0.23194444444444445
0 0.45026041666666666 0.5298611111111111 0.24010416666666667 0.29444444444444445