0 0.10338541666666666 0.8225694444444445 0.1296875 0.1326388888888889
0 0.20494791666666667 0.8864583333333333 0.22552083333333334 0.13958333333333334
0 0.12760416666666666 0.6517361111111112 0.20625 0.1951388888888889
0 0.546875 0.8562500000000001 0.21458333333333332 0.12222222222222223
0 0.5627604166666667 0.7861111111111111 0.2328125 0.1625
0 0.8580729166666666 0.7694444444444445 0.21927083333333333 0.18194444444444446
0 0.49296875 0.6479166666666667 0.2515625 0.1763888888888889
0 0.4432291666666667 0.4947916666666667 0.203125 0.19791666666666669
0 0.6932291666666667 0.5829861111111111 0.16145833333333334 0.20208333333333334
0 0.8666666666666667 0.48194444444444445 0.24687499999999998 0.17916666666666667
0 0.5557291666666666 0.22256944444444446 0.14895833333333333 0.18680555555555556