0 0.4161458333333333 0.748263888888889 0.15833333333333333 0.16597222222222222
0 0.765625 0.6340277777777779 0.19166666666666665 0.1486111111111111
0 0.678125 0.5569444444444445 0.14479166666666665 0.17222222222222222
0 0.7703125 0.4118055555555556 0.134375 0.1902777777777778
0 0.94296875 0.3423611111111111 0.0703125 0.16527777777777777
0 0.53828125 0.42673611111111115 0.13802083333333334 0.1840277777777778
0 0.4088541666666667 0.5288194444444445 0.16666666666666666 0.22291666666666668
0 0.434375 0.2309027777777778 0.15416666666666667 0.14930555555555555
0 0.5276041666666667 0.31145833333333334 0.128125 0.18819444444444444
0 0.3541666666666667 0.0638888888888889 0.11875 0.07916666666666666
0 0.17682291666666666 0.08194444444444444 0.1390625 0.14305555555555557
0 0.17291666666666666 0.3125 0.13541666666666666 0.19305555555555556