0 0.6291666666666667 0.2989583333333333 0.16979166666666667 0.19375
0 0.27265625 0.3229166666666667 0.19739583333333333 0.18611111111111112
0 0.346875 0.4201388888888889 0.15833333333333333 0.19583333333333333
0 0.23645833333333333 0.5388888888888889 0.15104166666666666 0.20972222222222223
0 0.058333333333333334 0.5635416666666667 0.08958333333333333 0.1701388888888889
0 0.46484375 0.5822916666666667 0.15364583333333334 0.20486111111111113
0 0.60546875 0.5149305555555556 0.1859375 0.24791666666666667
0 0.5388020833333333 0.7993055555555556 0.16302083333333334 0.17777777777777778
0 0.4591145833333333 0.6975694444444445 0.1453125 0.20625000000000002
0 0.5934895833333333 0.9819444444444445 0.1203125 0.10416666666666667
0 0.7684895833333333 1.0090277777777779 0.1484375 0.16805555555555557
0 0.8049479166666667 0.7850694444444445 0.15260416666666665 0.21319444444444446