0 0.11822916666666666 0.3201388888888889 0.11666666666666667 0.14722222222222223
0 0.30572916666666666 0.17152777777777778 0.096875 0.08333333333333334
0 0.3651041666666667 0.28055555555555556 0.18125 0.15555555555555556
0 0.15572916666666667 0.5059027777777778 0.16875 0.20069444444444445
0 0.5221354166666666 0.28784722222222225 0.12343749999999999 0.19652777777777777
0 0.5057291666666667 0.40972222222222227 0.14375 0.19444444444444445
0 0.7716145833333333 0.22430555555555556 0.13802083333333334 0.18333333333333335
0 0.7015625 0.4201388888888889 0.17708333333333334 0.18888888888888888
0 0.834375 0.46111111111111114 0.2 0.1875
0 0.56875 0.7645833333333334 0.16458333333333333 0.2111111111111111
0 0.45625 0.5437500000000001 0.22291666666666665 0.2652777777777778