0 0.43307291666666664 0.2791666666666667 0.14322916666666666 0.14444444444444446
0 0.75390625 0.4131944444444445 0.17552083333333332 0.125
0 0.6692708333333334 0.47847222222222224 0.13020833333333334 0.1527777777777778
0 0.7486979166666666 0.6211805555555556 0.11927083333333333 0.1701388888888889
0 0.9067708333333333 0.7000000000000001 0.059375 0.1513888888888889
0 0.5328125 0.5888888888888889 0.12291666666666666 0.1638888888888889
0 0.4161458333333333 0.48368055555555556 0.14895833333333333 0.19791666666666669
0 0.42682291666666666 0.763888888888889 0.14010416666666667 0.12916666666666668
0 0.5174479166666667 0.6961805555555556 0.11302083333333333 0.16875
0 0.34453125 0.9135416666666667 0.10885416666666667 0.06597222222222222
0 0.1796875 0.882638888888889 0.12604166666666666 0.125
0 0.18619791666666666 0.6670138888888889 0.1203125 0.17291666666666666