0 0.11875 0.18541666666666667 0.125 0.12638888888888888
0 0.22005208333333334 0.12708333333333333 0.21927083333333333 0.1277777777777778
0 0.13828125 0.3541666666666667 0.1984375 0.18333333333333335
0 0.5544270833333333 0.17118055555555556 0.20885416666666667 0.11180555555555556
0 0.5682291666666667 0.240625 0.22604166666666667 0.15069444444444444
0 0.8572916666666667 0.26944444444444443 0.2125 0.16944444444444445
0 0.49635416666666665 0.3729166666666667 0.24375 0.1638888888888889
0 0.4440104166666667 0.5211805555555555 0.1953125 0.18680555555555556
0 0.69140625 0.4451388888888889 0.1546875 0.19305555555555556
0 0.8591145833333333 0.5513888888888889 0.23906249999999998 0.16666666666666669
0 0.5481770833333334 0.7923611111111112 0.1421875 0.17777777777777778