0 0.09375 0.39895833333333336 0.125 0.16180555555555556
0 0.26510416666666664 0.2107638888888889 0.09895833333333333 0.09930555555555556
0 0.3372395833333333 0.30868055555555557 0.18489583333333334 0.18541666666666667
0 0.153125 0.5784722222222223 0.18020833333333333 0.22222222222222224
0 0.4966145833333333 0.2829861111111111 0.1390625 0.2076388888888889
0 0.4940104166666667 0.40902777777777777 0.15677083333333333 0.2111111111111111
0 0.7403645833333333 0.16770833333333335 0.15052083333333333 0.19930555555555557
0 0.6924479166666666 0.37951388888888893 0.1859375 0.21458333333333335
0 0.8309895833333333 0.39305555555555555 0.20677083333333332 0.21805555555555556
0 0.5989583333333334 0.7538194444444445 0.178125 0.23125
0 0.45989583333333334 0.5541666666666667 0.23854166666666665 0.29444444444444445